14.17 19.00 21.59 24.05 20.07 16.10
0.08 1.87 8.93 10.26 8.08 1.28
4.23 5.42 7.35 9.26 6.68 4.55
9.78 13.06 14.41 15.91 13.58 10.74
14.39 18.61 19.09 21.26 18.64 16.88
1.57 7.94 15.01 15.94 13.04 5.50
1.17 2.39 12.15 13.21 4.04 2.30
14.35 14.94 15.33 16.76 14.95 14.46
23.62 28.68 34.65 34.87 33.20 27.00
-1.84 0.66 3.22 6.84 2.03 -1.24
12.57 20.18 20.42 20.81 20.25 19.42
7.74 17.08 18.89 19.97 17.49 14.81
11.70 11.78 12.74 12.75 11.99 11.77
8.08 16.26 20.64 25.96 19.65 14.71
8.55 12.04 21.08 23.66 19.16 11.26
13.78 16.77 17.30 20.20 17.08 14.15
19.44 23.52 30.65 34.34 28.40 21.60
8.94 11.43 12.63 14.26 11.64 9.29
-4.40 -3.91 -3.27 -3.20 -3.76 -4.01
9.14 11.84 12.56 14.15 12.38 10.17
9.65 13.27 19.02 21.22 14.54 10.17
13.24 20.05 24.27 24.50 22.35 16.01
4.39 6.90 7.08 8.30 7.06 6.06
13.40 15.67 25.10 25.20 16.61 15.01
-2.88 -2.35 0.64 6.01 -1.07 -2.54
-1.70 0.48 2.56 3.39 1.73 -1.20
18.50 23.82 24.90 27.62 24.55 20.87
10.32 13.98 17.62 18.86 16.48 11.49
13.34 16.01 27.45 29.41 17.18 15.18
15.51 17.84 19.79 20.02 19.35 17.08
4.24 6.78 7.78 8.09 6.80 4.90
21.58 22.59 25.12 25.39 23.71 22.52
8.20 9.50 10.31 10.36 10.20 8.57
0.88 2.48 4.37 4.93 4.26 2.23
18.44 20.69 21.69 21.75 21.46 20.27
21.13 23.82 29.88 29.93 24.13 22.63
16.40 16.71 17.71 18.81 17.33 16.54
0.62 3.54 4.69 5.13 4.40 0.64
3.07 3.53 4.26 4.45 3.83 3.22
3.55 7.81 9.43 12.04 9.23 4.31
14.26 17.51 20.00 21.43 19.95 16.52
15.30 18.78 24.77 25.55 19.61 15.38
15.17 18.08 25.99 33.13 19.94 15.94
-3.87 -2.66 -2.44 -1.64 -2.56 -3.57
12.79 18.17 25.99 26.26 24.47 13.75
20.53 25.38 27.21 27.97 25.47 21.49
2.57 6.30 13.68 15.16 9.48 3.62
19.29 19.82 20.01 20.34 19.95 19.69
12.09 15.36 16.05 16.42 15.93 13.35
-1.97 2.83 4.77 6.70 3.13 -1.78
20.10 21.03 22.76 22.78 21.82 20.25
8.27 12.00 13.87 13.91 13.75 9.60
14.92 17.60 21.70 22.94 18.10 16.54
11.19 14.35 16.63 18.80 14.78 12.35
23.02 26.45 32.20 32.91 29.89 25.08
14.57 15.76 16.70 16.85 16.64 15.17
8.42 17.35 23.51 24.73 19.87 11.51
-1.65 -0.47 0.82 0.90 0.46 -1.02
9.36 11.79 17.59 19.65 15.14 11.10
1.37 9.13 11.77 14.70 11.35 9.02
3.94 11.89 16.99 19.88 16.57 9.79
15.09 21.61 26.16 28.76 21.85 20.87
9.11 9.73 10.11 10.82 10.07 9.16
16.58 19.64 21.25 21.50 20.50 19.41
1.16 3.34 5.29 5.91 3.64 1.87
22.95 23.60 24.29 25.56 23.64 23.37
0.12 2.78 8.26 9.91 5.24 0.29
6.41 7.39 7.69 15.10 7.58 6.75
20.17 20.50 27.10 27.23 21.91 20.28
2.05 2.94 4.59 4.64 4.34 2.93
-1.99 -1.43 -0.29 -0.08 -0.79 -1.89
17.09 18.55 18.71 18.99 18.59 18.38
7.21 11.36 12.64 13.82 12.19 7.81
-0.14 2.10 3.17 5.41 2.41 1.50
12.54 16.46 20.47 23.77 20.43 14.92
19.14 19.89 21.47 21.49 21.06 19.20
2.39 12.14 17.41 17.69 12.53 3.23
-1.94 3.28 3.62 5.28 3.43 -0.63
4.05 4.85 5.90 6.47 5.54 4.33
22.52 23.42 26.27 26.43 23.77 22.84
16.23 18.61 19.49 19.82 19.27 17.70
-2.35 -1.03 2.94 7.04 0.39 -2.06
3.85 10.41 13.82 14.95 10.64 8.60
14.74 15.05 16.31 17.56 16.07 14.89
6.26 8.93 14.61 14.99 14.54 7.72
4.71 5.21 9.97 11.14 5.34 4.74
15.55 16.40 17.48 17.97 16.63 16.15
13.01 26.61 27.25 29.91 26.62 13.29
5.52 11.02 12.67 13.72 12.06 7.67
-4.63 -1.27 -0.43 8.22 -1.02 -3.93
25.44 25.58 31.52 32.26 31.38 25.49
19.63 24.07 26.24 28.30 24.46 22.46
-2.49 -0.56 1.41 1.70 -0.50 -0.70
-1.29 1.45 2.80 3.61 2.07 -1.14
-2.66 -1.84 0.65 2.27 -0.97 -2.59
5.23 10.71 14.61 16.75 13.49 6.87
8.09 8.35 9.25 9.58 8.41 8.25
3.26 4.48 7.16 7.68 5.00 4.11
14.97 19.16 20.71 21.29 20.52 17.56
19.01 22.69 25.02 25.28 24.73 20.76
15.92 23.73 25.33 29.67 24.55 22.00
6.12 7.05 7.60 7.77 7.20 7.01
9.42 12.52 20.65 21.36 12.89 11.73
-0.35 7.72 10.59 11.09 8.13 2.95
1.36 8.49 17.66 18.21 14.97 8.35
4.02 9.53 11.69 12.73 11.29 5.80
5.24 7.12 11.59 12.09 7.83 6.35
22.47 24.95 27.07 27.60 26.58 24.66
3.30 7.23 19.34 19.98 11.50 4.05
0.76 10.08 12.73 13.17 10.62 3.53
3.16 4.00 5.39 5.71 4.62 3.77
19.94 25.34 28.21 29.09 27.95 24.49
4.55 5.10 9.26 10.35 5.24 4.75
17.83 19.71 21.22 21.85 20.22 18.06
0.11 1.41 1.94 3.82 1.63 1.09
14.49 18.55 19.00 19.18 18.92 15.47
6.11 7.62 8.66 8.73 7.84 6.23
0.88 2.69 8.11 10.65 5.44 1.20
16.05 19.40 20.53 23.53 19.44 17.44
17.30 21.40 25.67 25.85 25.41 20.47
9.07 16.88 19.13 19.55 18.88 15.09
8.27 9.01 9.25 11.97 9.21 8.65
6.39 9.00 10.92 11.91 10.80 7.27
15.11 17.93 24.79 25.46 19.91 17.20
4.66 11.73 14.35 14.43 12.36 5.16
19.23 20.76 22.89 26.52 20.98 20.31
3.40 5.97 7.91 8.43 6.66 3.53
4.66 6.91 11.10 12.45 10.11 6.39
17.09 23.88 30.84 31.98 24.79 21.62
6.44 12.69 16.77 18.78 16.71 9.54
3.31 9.85 17.86 20.64 11.37 8.39
17.37 18.40 19.90 21.34 19.78 17.71
29.11 31.48 32.57 33.74 32.27 29.60
-0.81 -0.60 0.36 1.07 -0.52 -0.65
16.93 23.22 28.12 29.50 26.64 19.19
12.60 13.32 13.85 13.94 13.75 12.99
17.29 18.18 19.41 19.67 18.56 17.76
18.72 26.91 27.97 32.70 27.36 20.48
12.35 13.01 13.61 13.62 13.11 12.63
3.06 5.17 6.18 10.68 5.68 4.08
8.67 13.51 13.70 18.72 13.63 10.08
10.99 13.88 16.76 17.33 14.01 12.10
24.45 26.92 32.05 34.69 31.16 26.67
-0.01 3.79 4.83 8.27 4.33 2.60
10.79 14.91 20.06 20.38 17.04 14.06
8.18 16.19 18.42 20.80 17.56 11.46
3.37 7.06 8.34 12.06 7.95 5.19
3.19 4.29 10.04 10.42 8.47 3.65
3.16 12.76 21.26 21.62 16.28 9.91
18.54 20.97 30.09 31.63 22.09 19.95
6.96 8.54 10.83 15.72 10.16 8.12
17.52 22.29 22.90 23.54 22.33 20.27
9.34 10.54 10.60 10.87 10.58 9.81
20.89 22.15 29.93 30.18 25.99 21.83
-3.69 2.39 7.93 10.14 5.27 -1.49
7.87 16.01 17.74 21.95 16.99 15.11
16.28 18.69 22.18 23.19 22.12 16.34
20.96 22.48 24.69 27.85 24.42 22.10
19.55 25.86 29.98 31.12 28.28 22.42
10.30 15.92 20.26 23.50 19.25 10.45
19.29 23.31 26.09 29.71 25.95 23.09
16.04 17.08 25.14 25.20 21.89 16.77
0.41 2.06 3.64 5.59 3.10 1.77
21.98 23.29 25.16 26.49 24.25 22.66
4.77 6.15 9.80 10.61 8.70 6.12
22.71 23.99 37.32 37.65 34.75 22.85
-2.95 -1.89 -0.11 1.34 -0.84 -2.80
7.25 8.84 11.56 12.13 10.95 7.88
10.04 17.69 23.90 28.88 22.80 10.73
1.77 7.95 10.72 12.93 8.01 4.07
11.82 16.08 25.18 26.20 17.93 15.14
3.42 6.66 9.91 10.01 7.59 4.10
17.50 24.38 26.48 27.86 25.03 22.69
-0.85 9.47 16.48 17.75 12.57 1.17
8.48 12.73 15.59 16.45 15.53 11.91
-1.99 -0.06 0.94 1.12 0.04 -0.49
17.69 18.87 19.46 19.86 19.04 18.17
4.41 7.83 12.11 12.25 11.07 6.00
14.00 15.72 20.18 21.63 17.18 15.16
17.96 22.87 24.94 30.59 24.61 19.28
-1.04 2.23 4.92 4.93 4.19 2.19
-4.10 -0.93 3.82 9.49 1.53 -1.35
-0.65 4.53 7.49 8.34 6.66 0.69
8.37 12.23 19.18 20.51 14.33 8.98
11.50 13.45 15.39 16.71 14.02 12.66
-4.99 -4.52 -3.88 -2.05 -4.36 -4.54
-0.02 1.78 4.21 7.95 2.55 0.49
7.82 11.40 12.44 12.99 11.77 8.54
19.32 22.21 25.18 27.45 23.19 21.65
-2.61 0.00 0.42 0.67 0.06 -2.08
4.69 9.64 13.78 14.93 13.54 7.06
7.31 12.41 17.76 18.72 13.87 11.19
-1.92 -0.99 1.38 4.58 0.22 -1.74
7.22 8.50 10.49 10.82 9.70 8.34
17.64 26.99 29.17 30.51 27.82 18.62
5.62 9.33 12.85 13.03 12.19 6.14
1.89 2.02 2.43 2.55 2.11 1.90
20.28 24.74 26.91 28.68 26.88 22.16
-3.31 4.68 4.99 5.43 4.78 1.12
4.60 9.68 16.36 21.01 10.76 7.47
